15 0.73828125 0.2470703125 0.013671875 0.02001953125
31 0.6038411458333334 0.25146484375 0.014973958333333334 0.02490234375
23 0.5725911458333334 0.2529296875 0.014322916666666666 0.0224609375
1 0.4039713541666667 0.2578125 0.01171875 0.0341796875
1 0.4514973958333333 0.256591796875 0.008463541666666666 0.01904296875
1 0.5055338541666666 0.255615234375 0.018880208333333332 0.02587890625
23 0.5387369791666666 0.254638671875 0.032552083333333336 0.01708984375
13 0.8017578125 0.248291015625 0.016276041666666668 0.009765625
0 0.5882161458333334 0.2548828125 0.016927083333333332 0.01611328125
12 0.3922526041666667 0.260009765625 0.011067708333333334 0.02734375
10 0.4827473958333333 0.258544921875 0.024739583333333332 0.0224609375
21 0.431640625 0.261474609375 0.035807291666666664 0.02197265625
17 0.3157552083333333 0.266845703125 0.033854166666666664 0.02197265625
14 0.3763020833333333 0.265869140625 0.012369791666666666 0.02197265625
19 0.6510416666666666 0.258544921875 0.04296875 0.01318359375
4 0.4609375 0.2646484375 0.01171875 0.01318359375
13 0.3655598958333333 0.26806640625 0.013671875 0.0146484375
19 0.3479817708333333 0.2734375 0.01953125 0.021484375
12 0.712890625 0.276611328125 0.009765625 0.029296875
0 0.8216145833333334 0.273681640625 0.029947916666666668 0.017578125
16 0.7897135416666666 0.275390625 0.032552083333333336 0.01806640625
1 0.7249348958333334 0.278564453125 0.009765625 0.029296875
1 0.5491536458333334 0.28369140625 0.012369791666666666 0.0244140625
31 0.7041015625 0.27978515625 0.018229166666666668 0.0244140625
6 0.6917317708333334 0.281005859375 0.013671875 0.02197265625
14 0.7568359375 0.28076171875 0.028645833333333332 0.02490234375
1 0.6800130208333334 0.28369140625 0.009765625 0.02099609375
1 0.501953125 0.288818359375 0.011067708333333334 0.02197265625
32 0.4856770833333333 0.289794921875 0.0234375 0.0244140625
13 0.6692708333333334 0.285888671875 0.015625 0.017578125
13 0.6087239583333334 0.2880859375 0.024739583333333332 0.01904296875
12 0.646484375 0.28759765625 0.030598958333333332 0.03662109375
6 0.5862630208333334 0.29248046875 0.02734375 0.0283203125
14 0.4625651041666667 0.29638671875 0.031901041666666664 0.0234375
18 0.5179036458333334 0.2958984375 0.01953125 0.013671875
1 0.8388671875 0.305908203125 0.011067708333333334 0.021484375
26 0.6217447916666666 0.3154296875 0.0234375 0.01611328125
14 0.779296875 0.3115234375 0.014322916666666666 0.02392578125
1 0.673828125 0.315185546875 0.014322916666666666 0.02490234375
17 0.7604166666666666 0.31298828125 0.024739583333333332 0.01953125
31 0.638671875 0.317138671875 0.014973958333333334 0.0185546875
13 0.728515625 0.315185546875 0.020833333333333332 0.01806640625
13 0.8235677083333334 0.312744140625 0.014322916666666666 0.01025390625
27 0.4964192708333333 0.32421875 0.022135416666666668 0.0224609375
1 0.6025390625 0.322509765625 0.016927083333333332 0.017578125
13 0.6591796875 0.32080078125 0.015625 0.0107421875
18 0.7975260416666666 0.3173828125 0.013671875 0.01611328125
28 0.5647786458333334 0.324951171875 0.057942708333333336 0.0244140625
15 0.8121744791666666 0.31884765625 0.015625 0.0166015625
6 0.7112630208333334 0.322021484375 0.028645833333333332 0.03369140625
6 0.4088541666666667 0.330322265625 0.015625 0.01513671875
17 0.3756510416666667 0.333740234375 0.024088541666666668 0.021484375
1 0.42578125 0.33349609375 0.016927083333333332 0.01416015625
9 0.4752604166666667 0.33203125 0.024739583333333332 0.0224609375
19 0.3951822916666667 0.336669921875 0.009765625 0.01904296875
15 0.6184895833333334 0.331298828125 0.014322916666666666 0.01708984375
13 0.4514973958333333 0.337646484375 0.016276041666666668 0.0087890625
24 0.314453125 0.39306640625 0.020182291666666668 0.02001953125
1 0.4755859375 0.39208984375 0.011067708333333334 0.0283203125
6 0.6432291666666666 0.3876953125 0.017578125 0.0205078125
14 0.5634765625 0.391357421875 0.013671875 0.0205078125
33 0.4345703125 0.394775390625 0.022786458333333332 0.0263671875
13 0.662109375 0.388671875 0.0234375 0.01611328125
1 0.6253255208333334 0.39013671875 0.012369791666666666 0.0244140625
1 0.5198567708333334 0.39501953125 0.009765625 0.01904296875
17 0.3863932291666667 0.39892578125 0.033854166666666664 0.02490234375
17 0.2630208333333333 0.404052734375 0.029296875 0.02197265625
0 0.3307291666666667 0.40380859375 0.020182291666666668 0.01806640625
9 0.5364583333333334 0.3984375 0.025390625 0.0244140625
13 0.4622395833333333 0.400390625 0.016927083333333332 0.0087890625
19 0.60546875 0.39794921875 0.013020833333333334 0.02294921875
13 0.2962239583333333 0.40625 0.016927083333333332 0.013671875
0 0.4986979166666667 0.4013671875 0.030598958333333332 0.02587890625
19 0.5924479166666666 0.39990234375 0.011067708333333334 0.0244140625
13 0.4186197916666667 0.4052734375 0.020833333333333332 0.0146484375
19 0.2828776041666667 0.411865234375 0.014322916666666666 0.01806640625
15 0.3115234375 0.41357421875 0.016276041666666668 0.01611328125
15 0.5673828125 0.408935546875 0.039713541666666664 0.01025390625
24 0.4798177083333333 0.42724609375 0.022786458333333332 0.0244140625
13 0.6207682291666666 0.424560546875 0.014973958333333334 0.02197265625
1 0.5901692708333334 0.42529296875 0.01171875 0.01806640625
6 0.6061197916666666 0.42578125 0.014973958333333334 0.0205078125
1 0.3684895833333333 0.4326171875 0.0078125 0.02587890625
1 0.4420572916666667 0.43212890625 0.013020833333333334 0.0234375
27 0.3548177083333333 0.434814453125 0.026692708333333332 0.03662109375
12 0.4947916666666667 0.43115234375 0.013020833333333334 0.02685546875
21 0.4596354166666667 0.43310546875 0.018229166666666668 0.0205078125
1 0.5052083333333334 0.431884765625 0.0078125 0.0234375
11 0.4033203125 0.435546875 0.022135416666666668 0.02587890625
22 0.4248046875 0.43505859375 0.013020833333333334 0.017578125
1 0.2998046875 0.438232421875 0.014973958333333334 0.0234375
17 0.23665364583333334 0.44091796875 0.03125 0.02587890625
14 0.3362630208333333 0.439208984375 0.015625 0.01953125
19 0.5706380208333334 0.43310546875 0.012369791666666666 0.02392578125
31 0.3160807291666667 0.4404296875 0.01953125 0.0185546875
19 0.5576171875 0.435546875 0.014973958333333334 0.0205078125
9 0.2835286458333333 0.443115234375 0.01953125 0.02294921875
15 0.5302734375 0.439208984375 0.038411458333333336 0.01611328125
19 0.263671875 0.448974609375 0.013020833333333334 0.0234375
24 0.873046875 0.478515625 0.020182291666666668 0.0302734375
1 0.9153645833333334 0.479736328125 0.020182291666666668 0.03173828125
12 0.8919270833333334 0.48095703125 0.017578125 0.0400390625
17 0.7646484375 0.4873046875 0.032552083333333336 0.02685546875
1 0.8141276041666666 0.48583984375 0.018229166666666668 0.0244140625
21 0.8440755208333334 0.485107421875 0.029296875 0.02197265625
1 0.7307942708333334 0.489013671875 0.01171875 0.02294921875
24 0.11197916666666667 0.50537109375 0.017578125 0.02587890625
27 0.7151692708333334 0.489990234375 0.021484375 0.0341796875
1 0.6682942708333334 0.49169921875 0.011067708333333334 0.02587890625
12 0.7926432291666666 0.489501953125 0.013671875 0.02392578125
14 0.7001953125 0.492919921875 0.008463541666666666 0.02099609375
10 0.5813802083333334 0.496337890625 0.018880208333333332 0.02197265625
31 0.68359375 0.49462890625 0.018880208333333332 0.02392578125
17 0.6171875 0.497314453125 0.03515625 0.02685546875
31 0.53125 0.500244140625 0.013671875 0.0234375
12 0.3063151041666667 0.506103515625 0.006510416666666667 0.02783203125
27 0.4244791666666667 0.50341796875 0.021484375 0.0341796875
9 0.654296875 0.497314453125 0.0234375 0.02490234375
6 0.3167317708333333 0.50634765625 0.01171875 0.02197265625
23 0.494140625 0.502685546875 0.018880208333333332 0.0234375
0 0.5143229166666666 0.501953125 0.022786458333333332 0.021484375
21 0.3629557291666667 0.506103515625 0.026041666666666668 0.02587890625
1 0.21126302083333334 0.510498046875 0.014322916666666666 0.0302734375
23 0.4664713541666667 0.50439453125 0.026692708333333332 0.0283203125
10 0.4046223958333333 0.50634765625 0.021484375 0.025390625
17 0.1640625 0.51513671875 0.025390625 0.025390625
19 0.287109375 0.513916015625 0.030598958333333332 0.01953125
4 0.3870442708333333 0.51123046875 0.009114583333333334 0.01220703125
29 0.23111979166666666 0.515380859375 0.020182291666666668 0.0166015625
19 0.4853515625 0.50927734375 0.010416666666666666 0.01708984375
14 0.095703125 0.519287109375 0.018229166666666668 0.021484375
19 0.5582682291666666 0.5078125 0.033854166666666664 0.015625
13 0.13997395833333334 0.518798828125 0.016276041666666668 0.0185546875
13 0.12434895833333333 0.52001953125 0.013020833333333334 0.01611328125
4 0.1953125 0.518310546875 0.012369791666666666 0.01513671875
17 0.0712890625 0.52392578125 0.036458333333333336 0.025390625
24 0.6100260416666666 0.529296875 0.018880208333333332 0.02490234375
18 0.6529947916666666 0.529296875 0.020182291666666668 0.0224609375
32 0.3714192708333333 0.53857421875 0.029947916666666668 0.02392578125
23 0.5152994791666666 0.53515625 0.018229166666666668 0.0185546875
31 0.5569661458333334 0.5341796875 0.022135416666666668 0.0244140625
23 0.4957682291666667 0.537841796875 0.014322916666666666 0.0185546875
0 0.5354817708333334 0.53662109375 0.020833333333333332 0.01953125
13 0.6240234375 0.534423828125 0.013020833333333334 0.017578125
14 0.5927734375 0.53662109375 0.020833333333333332 0.02197265625
19 0.6376953125 0.535888671875 0.012369791666666666 0.0283203125
6 0.4290364583333333 0.5419921875 0.018229166666666668 0.01904296875
23 0.310546875 0.54541015625 0.032552083333333336 0.02490234375
14 0.4055989583333333 0.5458984375 0.022786458333333332 0.02197265625
10 0.4762369791666667 0.547119140625 0.022786458333333332 0.0205078125
19 0.3330078125 0.55126953125 0.01171875 0.021484375
15 0.3531901041666667 0.552734375 0.017578125 0.01611328125
24 0.7776692708333334 0.59033203125 0.016927083333333332 0.03369140625
27 0.6126302083333334 0.5986328125 0.014322916666666666 0.033203125
23 0.72265625 0.595703125 0.021484375 0.0263671875
10 0.5960286458333334 0.60205078125 0.018880208333333332 0.02197265625
31 0.9264322916666666 0.593994140625 0.018229166666666668 0.02685546875
23 0.8782552083333334 0.595703125 0.017578125 0.0244140625
23 0.8349609375 0.59765625 0.041666666666666664 0.0263671875
1 0.7932942708333334 0.599365234375 0.009765625 0.02587890625
0 0.9039713541666666 0.596435546875 0.024739583333333332 0.0205078125
1 0.6233723958333334 0.604248046875 0.009765625 0.0283203125
21 0.5517578125 0.607177734375 0.045572916666666664 0.0263671875
4 0.7067057291666666 0.60302734375 0.011067708333333334 0.0185546875
13 0.6676432291666666 0.60546875 0.009114583333333334 0.02783203125
14 0.6500651041666666 0.60595703125 0.022135416666666668 0.02587890625
19 0.8636067708333334 0.601806640625 0.017578125 0.0234375
31 0.39453125 0.61474609375 0.014973958333333334 0.03076171875
10 0.24186197916666666 0.619140625 0.024739583333333332 0.0263671875
27 0.2626953125 0.61865234375 0.020833333333333332 0.0263671875
15 0.6848958333333334 0.60791015625 0.016927083333333332 0.0244140625
3 0.7643229166666666 0.60595703125 0.012369791666666666 0.021484375
0 0.3740234375 0.6171875 0.024739583333333332 0.021484375
23 0.043294270833333336 0.626220703125 0.020833333333333332 0.025390625
23 0.3460286458333333 0.618896484375 0.0234375 0.0224609375
21 0.19368489583333334 0.623291015625 0.041015625 0.0205078125
11 0.0830078125 0.626708984375 0.022786458333333332 0.02294921875
15 0.7486979166666666 0.60986328125 0.018880208333333332 0.01708984375
13 0.103515625 0.629638671875 0.012369791666666666 0.0166015625
12 0.025390625 0.632568359375 0.024739583333333332 0.04150390625
12 0.8245442708333334 0.62744140625 0.014973958333333334 0.01708984375
12 0.7190755208333334 0.633056640625 0.01171875 0.02197265625
1 0.8473307291666666 0.631591796875 0.014322916666666666 0.0234375
1 0.7890625 0.633544921875 0.009114583333333334 0.01904296875
1 0.7317708333333334 0.636474609375 0.008463541666666666 0.02978515625
13 0.2998046875 0.6494140625 0.015625 0.02490234375
1 0.6842447916666666 0.639892578125 0.010416666666666666 0.01806640625
14 0.6966145833333334 0.639892578125 0.010416666666666666 0.01953125
23 0.3675130208333333 0.649169921875 0.03125 0.025390625
3 0.8587239583333334 0.63671875 0.016927083333333332 0.02783203125
0 0.6598307291666666 0.642333984375 0.020182291666666668 0.025390625
17 0.6298828125 0.64404296875 0.033854166666666664 0.02685546875
13 0.8238932291666666 0.64013671875 0.016276041666666668 0.00927734375
4 0.7587890625 0.642333984375 0.016276041666666668 0.01611328125
14 0.275390625 0.6552734375 0.031901041666666664 0.025390625
18 0.8050130208333334 0.64208984375 0.01953125 0.015625
15 0.7744140625 0.643310546875 0.015625 0.0205078125
13 0.7177734375 0.645263671875 0.018229166666666668 0.009765625
4 0.3411458333333333 0.655517578125 0.017578125 0.0166015625
1 0.19791666666666666 0.659423828125 0.009765625 0.02734375
4 0.1552734375 0.665283203125 0.022786458333333332 0.017578125
15 0.3193359375 0.66162109375 0.017578125 0.0283203125
13 0.22884114583333334 0.664306640625 0.017578125 0.0078125
15 0.17643229166666666 0.669189453125 0.014973958333333334 0.02490234375
18 0.20963541666666666 0.67236328125 0.013020833333333334 0.017578125
21 0.6243489583333334 0.711669921875 0.013020833333333334 0.01708984375
12 0.18359375 0.72509765625 0.009765625 0.03857421875
17 0.6735026041666666 0.712890625 0.016276041666666668 0.02685546875
25 0.16796875 0.7265625 0.01953125 0.03369140625
31 0.7770182291666666 0.713134765625 0.040364583333333336 0.02685546875
1 0.8069661458333334 0.71337890625 0.01171875 0.02392578125
23 0.3600260416666667 0.7265625 0.016927083333333332 0.02587890625
25 0.8597005208333334 0.71337890625 0.022786458333333332 0.03173828125
23 0.9287109375 0.711669921875 0.018229166666666668 0.02978515625
21 0.2779947916666667 0.728515625 0.013020833333333334 0.02685546875
31 0.3795572916666667 0.726318359375 0.021484375 0.02490234375
31 0.9449869791666666 0.711669921875 0.014322916666666666 0.0302734375
4 0.6888020833333334 0.71875 0.01171875 0.015625
1 0.19563802083333334 0.731689453125 0.013020833333333334 0.02685546875
1 0.1279296875 0.73388671875 0.015625 0.0263671875
19 0.326171875 0.728759765625 0.012369791666666666 0.0263671875
16 0.5891927083333334 0.722412109375 0.053385416666666664 0.0205078125
13 0.8248697916666666 0.716796875 0.022135416666666668 0.0185546875
4 0.7161458333333334 0.719970703125 0.014973958333333334 0.0146484375
9 0.7408854166666666 0.719482421875 0.028645833333333332 0.0283203125
19 0.6998697916666666 0.721435546875 0.013671875 0.02490234375
13 0.1396484375 0.736572265625 0.010416666666666666 0.02392578125
19 0.8997395833333334 0.7177734375 0.011067708333333334 0.033203125
4 0.3453776041666667 0.732177734375 0.014973958333333334 0.01708984375
4 0.1572265625 0.738037109375 0.009114583333333334 0.01513671875
16 0.24446614583333334 0.736328125 0.05859375 0.02294921875
4 0.9134114583333334 0.71923828125 0.012369791666666666 0.02001953125
13 0.3121744791666667 0.735107421875 0.014322916666666666 0.02734375
31 0.09114583333333333 0.7412109375 0.057942708333333336 0.02392578125
13 0.88671875 0.721435546875 0.01171875 0.0341796875
1 0.7887369791666666 0.74462890625 0.018229166666666668 0.0302734375
12 0.775390625 0.745849609375 0.017578125 0.0361328125
5 0.7584635416666666 0.748779296875 0.01953125 0.025390625
1 0.7337239583333334 0.75048828125 0.01171875 0.021484375
1 0.23665364583333334 0.763427734375 0.01171875 0.02392578125
23 0.3173828125 0.76123046875 0.016276041666666668 0.02490234375
1 0.14127604166666666 0.767333984375 0.013671875 0.02783203125
31 0.3382161458333333 0.763671875 0.013671875 0.02734375
17 0.8291015625 0.751220703125 0.025390625 0.02880859375
13 0.3870442708333333 0.763427734375 0.018229166666666668 0.021484375
12 0.8492838541666666 0.751220703125 0.011067708333333334 0.03076171875
12 0.13020833333333334 0.77001953125 0.011067708333333334 0.03076171875
5 0.11588541666666667 0.771484375 0.016927083333333332 0.0244140625
6 0.21549479166666666 0.769287109375 0.018229166666666668 0.0185546875
0 0.9163411458333334 0.7509765625 0.03125 0.02490234375
12 0.2799479166666667 0.76806640625 0.04296875 0.0341796875
6 0.3684895833333333 0.769287109375 0.022135416666666668 0.02880859375
29 0.8870442708333334 0.755615234375 0.026041666666666668 0.0302734375
3 0.17805989583333334 0.775634765625 0.053385416666666664 0.0224609375
3 0.6920572916666666 0.76318359375 0.051432291666666664 0.029296875
15 0.7473958333333334 0.763671875 0.010416666666666666 0.0185546875
19 0.06705729166666667 0.784912109375 0.039713541666666664 0.02734375
1 0.662109375 0.788330078125 0.024088541666666668 0.04248046875
12 0.7861328125 0.78515625 0.011067708333333334 0.025390625
9 0.6061197916666666 0.793212890625 0.022135416666666668 0.01318359375
23 0.6881510416666666 0.791259765625 0.033203125 0.03125
31 0.634765625 0.7939453125 0.010416666666666666 0.02783203125
1 0.80078125 0.78955078125 0.009114583333333334 0.03271484375
1 0.7526041666666666 0.79150390625 0.011067708333333334 0.029296875
12 0.9296875 0.787841796875 0.009114583333333334 0.03759765625
1 0.7109375 0.7939453125 0.009765625 0.0263671875
14 0.7447916666666666 0.79296875 0.012369791666666666 0.02685546875
12 0.849609375 0.791259765625 0.027994791666666668 0.03515625
1 0.9401041666666666 0.78955078125 0.014322916666666666 0.0244140625
14 0.6474609375 0.798583984375 0.014322916666666666 0.02294921875
21 0.7275390625 0.79638671875 0.020182291666666668 0.02294921875
0 0.8968098958333334 0.79443359375 0.020833333333333332 0.0185546875
31 0.9137369791666666 0.7939453125 0.014322916666666666 0.02294921875
19 0.5846354166666666 0.80712890625 0.06315104166666667 0.01611328125
19 0.7747395833333334 0.802490234375 0.037109375 0.015625
18 0.8802083333333334 0.8037109375 0.018880208333333332 0.0185546875
1 0.748046875 0.830078125 0.011067708333333334 0.0302734375
12 0.7936197916666666 0.829833984375 0.020833333333333332 0.02392578125
6 0.8138020833333334 0.829345703125 0.018880208333333332 0.02783203125
1 0.9205729166666666 0.830078125 0.01171875 0.02587890625
14 0.8899739583333334 0.831787109375 0.018880208333333332 0.029296875
12 0.904296875 0.831298828125 0.012369791666666666 0.03515625
21 0.8743489583333334 0.833251953125 0.021484375 0.02294921875
13 0.7366536458333334 0.839111328125 0.014973958333333334 0.009765625
6 0.8505859375 0.840576171875 0.026692708333333332 0.03759765625
19 0.77734375 0.844482421875 0.041015625 0.01953125
6 0.67578125 0.84814453125 0.04296875 0.04345703125
3 0.9296875 0.841552734375 0.015625 0.02734375
24 0.2893880208333333 0.091796875 0.013671875 0.02783203125
1 0.6031901041666666 0.08447265625 0.013020833333333334 0.0224609375
6 0.6162109375 0.085693359375 0.014973958333333334 0.01953125
14 0.5426432291666666 0.0888671875 0.018880208333333332 0.01953125
1 0.4381510416666667 0.0927734375 0.013020833333333334 0.0244140625
1 0.4993489583333333 0.091552734375 0.016927083333333332 0.0205078125
13 0.6315104166666666 0.089599609375 0.017578125 0.02880859375
33 0.404296875 0.095458984375 0.016276041666666668 0.0263671875
0 0.30859375 0.10009765625 0.020182291666666668 0.0185546875
14 0.4173177083333333 0.09765625 0.01171875 0.0224609375
17 0.3577473958333333 0.099609375 0.035807291666666664 0.02392578125
19 0.5859375 0.09423828125 0.01953125 0.02490234375
17 0.2451171875 0.1044921875 0.032552083333333336 0.0244140625
13 0.2757161458333333 0.104248046875 0.014322916666666666 0.013671875
0 0.4703776041666667 0.099609375 0.037109375 0.0263671875
13 0.3909505208333333 0.102783203125 0.016927083333333332 0.01416015625
15 0.5556640625 0.102783203125 0.038411458333333336 0.01025390625
18 0.291015625 0.109619140625 0.017578125 0.015625
12 0.5934244791666666 0.114501953125 0.009114583333333334 0.01708984375
1 0.6067708333333334 0.11865234375 0.009765625 0.0244140625
12 0.4752604166666667 0.12353515625 0.015625 0.021484375
1 0.55859375 0.121826171875 0.01171875 0.01708984375
6 0.576171875 0.121826171875 0.018880208333333332 0.0126953125
1 0.48828125 0.12451171875 0.012369791666666666 0.0205078125
17 0.3466796875 0.1298828125 0.040364583333333336 0.02587890625
1 0.4117838541666667 0.128662109375 0.0078125 0.01953125
16 0.4514973958333333 0.12890625 0.033854166666666664 0.0166015625
13 0.5921223958333334 0.125732421875 0.016276041666666668 0.00537109375
16 0.3935546875 0.13134765625 0.027994791666666668 0.01513671875
19 0.5283203125 0.12890625 0.013671875 0.02392578125
19 0.5393880208333334 0.128662109375 0.012369791666666666 0.02294921875
19 0.4241536458333333 0.132080078125 0.01953125 0.0234375
19 0.3723958333333333 0.135986328125 0.01171875 0.02001953125
15 0.5032552083333334 0.136962890625 0.039713541666666664 0.01611328125
12 0.8264973958333334 0.1650390625 0.016276041666666668 0.029296875
1 0.7932942708333334 0.16943359375 0.013671875 0.0263671875
21 0.6809895833333334 0.173828125 0.020833333333333332 0.0205078125
21 0.8115234375 0.17041015625 0.021484375 0.02197265625
1 0.8388671875 0.170166015625 0.009114583333333334 0.0234375
12 0.7584635416666666 0.172607421875 0.01171875 0.0244140625
6 0.7721354166666666 0.17578125 0.017578125 0.0205078125
17 0.7249348958333334 0.179443359375 0.027994791666666668 0.0244140625
19 0.7444661458333334 0.179931640625 0.014322916666666666 0.02197265625
1 0.5172526041666666 0.186279296875 0.012369791666666666 0.02978515625
25 0.4918619791666667 0.1875 0.0234375 0.02294921875
23 0.6038411458333334 0.1845703125 0.022786458333333332 0.02294921875
12 0.5068359375 0.1875 0.008463541666666666 0.02978515625
31 0.6240234375 0.1845703125 0.013671875 0.025390625
1 0.3678385416666667 0.191650390625 0.016927083333333332 0.02783203125
1 0.4453125 0.191162109375 0.016927083333333332 0.0234375
1 0.3333333333333333 0.196533203125 0.014322916666666666 0.02197265625
31 0.4140625 0.1953125 0.054036458333333336 0.02294921875
13 0.4609375 0.194091796875 0.017578125 0.02490234375
4 0.5807291666666666 0.191162109375 0.018880208333333332 0.013671875
19 0.5611979166666666 0.192138671875 0.013671875 0.03125
4 0.4798177083333333 0.194580078125 0.013020833333333334 0.0146484375
19 0.6627604166666666 0.1904296875 0.049479166666666664 0.0126953125
6 0.3479817708333333 0.19921875 0.016927083333333332 0.01611328125
31 0.2854817708333333 0.201171875 0.025390625 0.0224609375
13 0.3212890625 0.20361328125 0.017578125 0.0166015625
13 0.5458984375 0.1982421875 0.012369791666666666 0.03173828125
21 0.822265625 0.203369140625 0.014973958333333334 0.02490234375
24 0.7744140625 0.20751953125 0.022135416666666668 0.02197265625
21 0.7496744791666666 0.209228515625 0.022135416666666668 0.0185546875
1 0.7294921875 0.210205078125 0.013020833333333334 0.021484375
1 0.6617838541666666 0.212890625 0.013671875 0.029296875
4 0.8408203125 0.208740234375 0.014973958333333334 0.02978515625
17 0.6852213541666666 0.213134765625 0.025390625 0.01806640625
6 0.8050130208333334 0.211181640625 0.017578125 0.02392578125
33 0.6145833333333334 0.216064453125 0.021484375 0.0244140625
22 0.7109375 0.215087890625 0.013020833333333334 0.0205078125
1 0.5104166666666666 0.22314453125 0.009114583333333334 0.01904296875
21 0.5852864583333334 0.22119140625 0.041015625 0.02001953125
1 0.5416666666666666 0.222412109375 0.010416666666666666 0.02197265625
6 0.5234375 0.223388671875 0.014973958333333334 0.0146484375
13 0.4899088541666667 0.2294921875 0.02734375 0.02783203125
18 0.6357421875 0.225830078125 0.018229166666666668 0.01953125
24 0.7223307291666666 0.23828125 0.016927083333333332 0.02392578125
1 0.8160807291666666 0.237060546875 0.013020833333333334 0.02197265625
1 0.7568359375 0.2392578125 0.014973958333333334 0.0234375
30 0.7763671875 0.24072265625 0.02734375 0.01953125
21 0.6588541666666666 0.24462890625 0.024088541666666668 0.01611328125
17 0.6959635416666666 0.24365234375 0.03125 0.01953125